monoisotope,isotope_1,isotope_2,isotope_type_1,isotope_type_2,charge_1,charge_2
887.405593322322,0.0,0.0,0.0,0.0,0.0,0.0
897.438667890744,0.0,0.0,0.0,0.0,0.0,0.0
898.445541174031,0.0,0.0,0.0,0.0,0.0,0.0
900.433009899455,0.0,0.0,0.0,0.0,0.0,0.0
901.420339749707,0.0,0.0,0.0,0.0,0.0,0.0
914.449399626338,0.0,0.0,0.0,0.0,0.0,0.0
1001.51011129799,0.0,0.0,0.0,0.0,0.0,0.0
1019.48791137555,0.0,0.0,0.0,0.0,0.0,0.0
1034.57167603817,0.0,0.0,0.0,0.0,0.0,0.0
1040.47919789807,0.0,0.0,0.0,0.0,0.0,0.0
1041.52564174139,0.0,0.0,0.0,0.0,0.0,0.0
1042.5247914212,0.0,0.0,0.0,0.0,0.0,0.0
1056.56138782542,0.0,0.0,0.0,0.0,0.0,0.0
1063.51293243265,0.0,0.0,0.0,0.0,0.0,0.0
1082.61404196403,0.0,0.0,0.0,0.0,0.0,0.0
1083.61405637683,0.0,0.0,0.0,0.0,0.0,0.0
1084.57848255814,0.0,0.0,0.0,0.0,0.0,0.0
1098.55957401443,0.0,0.0,0.0,0.0,0.0,0.0
1105.58669340912,0.0,0.0,0.0,0.0,0.0,0.0
1115.53862108953,0.0,0.0,0.0,0.0,0.0,0.0
1116.52558931557,0.0,0.0,0.0,0.0,0.0,0.0
1118.49100876842,0.0,0.0,0.0,0.0,0.0,0.0
1119.50363320143,0.0,0.0,0.0,0.0,0.0,0.0
1120.52428160339,0.0,0.0,0.0,0.0,0.0,0.0
1121.53115030257,0.0,0.0,0.0,0.0,0.0,0.0
1122.53277418001,0.0,0.0,0.0,0.0,0.0,0.0
1123.5394726898,0.0,0.0,0.0,0.0,0.0,0.0
1125.52680698436,0.0,0.0,0.0,0.0,0.0,0.0
1126.51715546318,0.0,0.0,0.0,0.0,0.0,0.0
1127.52463086473,0.0,0.0,0.0,0.0,0.0,0.0
1128.51805545387,0.0,0.0,0.0,0.0,0.0,0.0
1129.51091267219,0.0,0.0,0.0,0.0,0.0,0.0
1137.52295324413,0.0,0.0,0.0,0.0,0.0,0.0
1138.51305957371,0.0,0.0,0.0,0.0,0.0,0.0
1139.57433964941,0.0,0.0,0.0,0.0,0.0,0.0
1140.56199816686,0.0,0.0,0.0,0.0,0.0,0.0
1142.52290681149,0.0,0.0,0.0,0.0,0.0,0.0
1143.52120633473,0.0,0.0,0.0,0.0,0.0,0.0
1144.52071586226,0.0,0.0,0.0,0.0,0.0,0.0
1147.50883032722,0.0,0.0,0.0,0.0,0.0,0.0
1148.50816686715,1149.50738087991,0.0,1.0,0.0,1.0,0.0
1150.5039114027,0.0,0.0,0.0,0.0,0.0,0.0
1154.55170296623,0.0,0.0,0.0,0.0,0.0,0.0
1155.53191227963,0.0,0.0,0.0,0.0,0.0,0.0
1156.51216713311,0.0,0.0,0.0,0.0,0.0,0.0
1159.50498247147,0.0,0.0,0.0,0.0,0.0,0.0
1160.50786060544,0.0,0.0,0.0,0.0,0.0,0.0
1161.55625355941,0.0,0.0,0.0,0.0,0.0,0.0
1162.54132473866,0.0,0.0,0.0,0.0,0.0,0.0
1163.52108968471,0.0,0.0,0.0,0.0,0.0,0.0
1164.49387725119,0.0,0.0,0.0,0.0,0.0,0.0
1165.50398312241,0.0,0.0,0.0,0.0,0.0,0.0
1166.50942571565,0.0,0.0,0.0,0.0,0.0,0.0
1171.52024347845,0.0,0.0,0.0,0.0,0.0,0.0
1172.51543404085,0.0,0.0,0.0,0.0,0.0,0.0
1173.51602670001,0.0,0.0,0.0,0.0,0.0,0.0
1174.5320958453,0.0,0.0,0.0,0.0,0.0,0.0
1175.5311947861,0.0,0.0,0.0,0.0,0.0,0.0
1176.5367277782,0.0,0.0,0.0,0.0,0.0,0.0
1177.52549332271,0.0,0.0,0.0,0.0,0.0,0.0
1178.50799041751,0.0,0.0,0.0,0.0,0.0,0.0
1179.53384922051,0.0,0.0,0.0,0.0,0.0,0.0
1180.52899164009,0.0,0.0,0.0,0.0,0.0,0.0
1181.52547865588,0.0,0.0,0.0,0.0,0.0,0.0
1182.51316130403,0.0,0.0,0.0,0.0,0.0,0.0
1183.53761411604,0.0,0.0,0.0,0.0,0.0,0.0
1186.51609218792,0.0,0.0,0.0,0.0,0.0,0.0
1188.52935913545,0.0,0.0,0.0,0.0,0.0,0.0
1193.51086194368,0.0,0.0,0.0,0.0,0.0,0.0
1194.50621822657,0.0,0.0,0.0,0.0,0.0,0.0
1197.54306584718,0.0,0.0,0.0,0.0,0.0,0.0
1198.52464127533,0.0,0.0,0.0,0.0,0.0,0.0
1199.51525080754,0.0,0.0,0.0,0.0,0.0,0.0
1201.52518940543,0.0,0.0,0.0,0.0,0.0,0.0
1202.51566691822,0.0,0.0,0.0,0.0,0.0,0.0
1203.53411711069,1204.52671884741,0.0,1.0,0.0,1.0,0.0
1205.54041215004,0.0,0.0,0.0,0.0,0.0,0.0
1211.599518944,0.0,0.0,0.0,0.0,0.0,0.0
1212.60416319077,0.0,0.0,0.0,0.0,0.0,0.0
1213.56766221731,0.0,0.0,0.0,0.0,0.0,0.0
1226.56387087639,0.0,0.0,0.0,0.0,0.0,0.0
1227.55952451199,0.0,0.0,0.0,0.0,0.0,0.0
1233.57735053371,1234.57384637318,0.0,1.0,0.0,1.0,0.0
1242.57369677527,1243.56956634534,0.0,1.0,0.0,1.0,0.0
1244.55536377541,0.0,0.0,0.0,0.0,0.0,0.0
1248.54982572055,0.0,0.0,0.0,0.0,0.0,0.0
1249.55294965558,0.0,0.0,0.0,0.0,0.0,0.0
1257.57240475916,1258.56524809841,0.0,1.0,0.0,1.0,0.0
1264.55327615647,0.0,0.0,0.0,0.0,0.0,0.0
1265.55732761381,0.0,0.0,0.0,0.0,0.0,0.0
1271.54476764759,0.0,0.0,0.0,0.0,0.0,0.0
1279.56043538041,0.0,0.0,0.0,0.0,0.0,0.0
1280.57810789172,0.0,0.0,0.0,0.0,0.0,0.0
1281.57880044384,0.0,0.0,0.0,0.0,0.0,0.0
1283.61665001281,0.0,0.0,0.0,0.0,0.0,0.0
1284.60254706233,0.0,0.0,0.0,0.0,0.0,0.0
1285.59511497093,0.0,0.0,0.0,0.0,0.0,0.0
1286.58550113192,0.0,0.0,0.0,0.0,0.0,0.0
1287.5933259557,0.0,0.0,0.0,0.0,0.0,0.0
1288.57441653481,0.0,0.0,0.0,0.0,0.0,0.0
1302.62071439303,1303.62023652396,0.0,1.0,0.0,1.0,0.0
1304.61983280979,0.0,0.0,0.0,0.0,0.0,0.0
1305.59068141676,0.0,0.0,0.0,0.0,0.0,0.0
1306.5817176307,1307.58021271394,0.0,1.0,0.0,1.0,0.0
1308.5796694417,1309.57554701653,0.0,1.0,0.0,1.0,0.0
1321.56896537668,1322.56732576098,0.0,1.0,0.0,1.0,0.0
1324.61450421181,1325.60438137977,1326.597114406,1.0,2.0,1.0,1.0
1327.58787295044,0.0,0.0,0.0,0.0,0.0,0.0
1328.58204227353,0.0,0.0,0.0,0.0,0.0,0.0
1336.5532502072,0.0,0.0,0.0,0.0,0.0,0.0
1337.55680746238,0.0,0.0,0.0,0.0,0.0,0.0
1340.59156765347,0.0,0.0,0.0,0.0,0.0,0.0
1341.59364410222,0.0,0.0,0.0,0.0,0.0,0.0
1343.64447861135,1344.65327082372,0.0,1.0,0.0,1.0,0.0
1345.64246070867,0.0,0.0,0.0,0.0,0.0,0.0
1346.6043607699,0.0,0.0,0.0,0.0,0.0,0.0
1348.59326782985,1349.59064156857,0.0,1.0,0.0,1.0,0.0
1350.60197929673,0.0,0.0,0.0,0.0,0.0,0.0
1351.59776013008,0.0,0.0,0.0,0.0,0.0,0.0
1359.59674536914,1360.6041827912,0.0,1.0,0.0,1.0,0.0
1364.58583919379,0.0,0.0,0.0,0.0,0.0,0.0
1365.63672939028,0.0,0.0,0.0,0.0,0.0,0.0
1366.63042222723,1367.63239622497,1368.62463800899,1.0,1.0,1.0,1.0
1373.58857790521,0.0,0.0,0.0,0.0,0.0,0.0
1380.63641531605,0.0,0.0,0.0,0.0,0.0,0.0
1381.63759981425,1382.63146446901,0.0,1.0,0.0,1.0,0.0
1383.620499714,0.0,0.0,0.0,0.0,0.0,0.0
1384.63410175333,0.0,0.0,0.0,0.0,0.0,0.0
1385.62240769213,0.0,0.0,0.0,0.0,0.0,0.0
1386.63229711732,1387.62479276227,0.0,1.0,0.0,1.0,0.0
1388.61734754366,0.0,0.0,0.0,0.0,0.0,0.0
1389.61128051676,0.0,0.0,0.0,0.0,0.0,0.0
1390.60658270639,0.0,0.0,0.0,0.0,0.0,0.0
1397.64742879142,0.0,0.0,0.0,0.0,0.0,0.0
1398.65069021494,0.0,0.0,0.0,0.0,0.0,0.0
1399.64898847532,1400.64307146714,0.0,1.0,0.0,1.0,0.0
1401.63252234769,1402.63165800594,0.0,1.0,0.0,1.0,0.0
1403.63210119272,1404.62042219742,0.0,1.0,0.0,1.0,0.0
1405.60825729967,0.0,0.0,0.0,0.0,0.0,0.0
1406.67155317073,0.0,0.0,0.0,0.0,0.0,0.0
1407.66223562051,0.0,0.0,0.0,0.0,0.0,0.0
1408.64299013563,0.0,0.0,0.0,0.0,0.0,0.0
1409.62350828748,0.0,0.0,0.0,0.0,0.0,0.0
1410.65884790283,1411.65263646274,0.0,1.0,0.0,1.0,0.0
1412.64008475978,0.0,0.0,0.0,0.0,0.0,0.0
1419.62710754352,0.0,0.0,0.0,0.0,0.0,0.0
1420.62590934393,0.0,0.0,0.0,0.0,0.0,0.0
1421.61985038003,0.0,0.0,0.0,0.0,0.0,0.0
1422.63029677159,0.0,0.0,0.0,0.0,0.0,0.0
1423.62919562382,0.0,0.0,0.0,0.0,0.0,0.0
1424.62270802291,0.0,0.0,0.0,0.0,0.0,0.0
1425.63123022866,0.0,0.0,0.0,0.0,0.0,0.0
1426.66930469839,0.0,0.0,0.0,0.0,0.0,0.0
1427.64679603133,1428.65891124135,0.0,1.0,0.0,1.0,0.0
1429.65735611396,0.0,0.0,0.0,0.0,0.0,0.0
1430.64433970431,0.0,0.0,0.0,0.0,0.0,0.0
1431.63007968643,0.0,0.0,0.0,0.0,0.0,0.0
1432.64813881096,1433.64967521464,0.0,1.0,0.0,1.0,0.0
1434.63541081793,0.0,0.0,0.0,0.0,0.0,0.0
1437.62660295136,0.0,0.0,0.0,0.0,0.0,0.0
1438.67131449792,0.0,0.0,0.0,0.0,0.0,0.0
1439.66636705065,0.0,0.0,0.0,0.0,0.0,0.0
1440.66346247685,0.0,0.0,0.0,0.0,0.0,0.0
1441.64100099373,0.0,0.0,0.0,0.0,0.0,0.0
1442.62706983267,0.0,0.0,0.0,0.0,0.0,0.0
1443.62502441691,0.0,0.0,0.0,0.0,0.0,0.0
1444.62992910786,0.0,0.0,0.0,0.0,0.0,0.0
1445.62960762399,0.0,0.0,0.0,0.0,0.0,0.0
1446.64554866624,0.0,0.0,0.0,0.0,0.0,0.0
1447.65305221415,0.0,0.0,0.0,0.0,0.0,0.0
1448.644817249,0.0,0.0,0.0,0.0,0.0,0.0
1449.63357812162,0.0,0.0,0.0,0.0,0.0,0.0
1450.64400093342,1451.63121850304,0.0,1.0,0.0,1.0,0.0
1454.63786083698,0.0,0.0,0.0,0.0,0.0,0.0
1455.63953404884,0.0,0.0,0.0,0.0,0.0,0.0
1458.68722390776,0.0,0.0,0.0,0.0,0.0,0.0
1459.66565151175,1460.66385865229,0.0,1.0,0.0,1.0,0.0
1461.65256129344,0.0,0.0,0.0,0.0,0.0,0.0
1462.64110458656,0.0,0.0,0.0,0.0,0.0,0.0
1463.63155707884,0.0,0.0,0.0,0.0,0.0,0.0
1464.62044546326,1466.63876010977,0.0,4.0,0.0,1.0,0.0
1465.62107455186,0.0,0.0,0.0,0.0,0.0,0.0
1467.64838621532,0.0,0.0,0.0,0.0,0.0,0.0
1468.6471622815,0.0,0.0,0.0,0.0,0.0,0.0
1469.64710914988,0.0,0.0,0.0,0.0,0.0,0.0
1470.63973008949,1472.64797486398,0.0,2.0,0.0,1.0,0.0
1471.63414988055,0.0,0.0,0.0,0.0,0.0,0.0
1473.64792978811,0.0,0.0,0.0,0.0,0.0,0.0
1474.64729881029,0.0,0.0,0.0,0.0,0.0,0.0
1475.63066673916,0.0,0.0,0.0,0.0,0.0,0.0
1476.63992639656,1477.65371476599,1478.65699708155,1.0,1.0,1.0,1.0
1479.64824861643,0.0,0.0,0.0,0.0,0.0,0.0
1480.68426567711,0.0,0.0,0.0,0.0,0.0,0.0
1481.66946943171,0.0,0.0,0.0,0.0,0.0,0.0
1482.6626423496,0.0,0.0,0.0,0.0,0.0,0.0
1483.71049948275,1484.71823403765,0.0,1.0,0.0,1.0,0.0
1485.70799673828,0.0,0.0,0.0,0.0,0.0,0.0
1486.66474233174,0.0,0.0,0.0,0.0,0.0,0.0
1487.63278970811,0.0,0.0,0.0,0.0,0.0,0.0
1488.63803785251,0.0,0.0,0.0,0.0,0.0,0.0
1492.62303504293,0.0,0.0,0.0,0.0,0.0,0.0
1493.68968061836,0.0,0.0,0.0,0.0,0.0,0.0
1494.68720093206,0.0,0.0,0.0,0.0,0.0,0.0
1495.68605416927,0.0,0.0,0.0,0.0,0.0,0.0
1496.67430590845,0.0,0.0,0.0,0.0,0.0,0.0
1497.67835998044,0.0,0.0,0.0,0.0,0.0,0.0
1498.66992714779,0.0,0.0,0.0,0.0,0.0,0.0
1499.65267739789,0.0,0.0,0.0,0.0,0.0,0.0
1502.65465292564,0.0,0.0,0.0,0.0,0.0,0.0
1503.66058700591,0.0,0.0,0.0,0.0,0.0,0.0
1504.65735236989,0.0,0.0,0.0,0.0,0.0,0.0
1505.69643998054,1506.68053808832,0.0,1.0,0.0,1.0,0.0
1507.68687174343,0.0,0.0,0.0,0.0,0.0,0.0
1508.69434718222,1509.70018991095,0.0,1.0,0.0,1.0,0.0
1510.67268897913,0.0,0.0,0.0,0.0,0.0,0.0
1511.68829214884,0.0,0.0,0.0,0.0,0.0,0.0
1512.67828754235,0.0,0.0,0.0,0.0,0.0,0.0
1518.66108571394,0.0,0.0,0.0,0.0,0.0,0.0
1519.66406053985,0.0,0.0,0.0,0.0,0.0,0.0
1520.65257476466,0.0,0.0,0.0,0.0,0.0,0.0
1521.70310576953,0.0,0.0,0.0,0.0,0.0,0.0
1522.71699817371,0.0,0.0,0.0,0.0,0.0,0.0
1523.70112018928,0.0,0.0,0.0,0.0,0.0,0.0
1524.66748186404,0.0,0.0,0.0,0.0,0.0,0.0
1527.67668425953,1528.67009532868,0.0,1.0,0.0,1.0,0.0
1529.67929305641,0.0,0.0,0.0,0.0,0.0,0.0
1530.69414289403,0.0,0.0,0.0,0.0,0.0,0.0
1531.68927071394,0.0,0.0,0.0,0.0,0.0,0.0
1532.67278139566,0.0,0.0,0.0,0.0,0.0,0.0
1533.66676168202,0.0,0.0,0.0,0.0,0.0,0.0
1540.74735064775,0.0,0.0,0.0,0.0,0.0,0.0
1541.74172330743,0.0,0.0,0.0,0.0,0.0,0.0
1542.70527571394,0.0,0.0,0.0,0.0,0.0,0.0
1543.69666300422,0.0,0.0,0.0,0.0,0.0,0.0
1544.69058682263,0.0,0.0,0.0,0.0,0.0,0.0
1545.67697375965,0.0,0.0,0.0,0.0,0.0,0.0
1546.66765954943,1547.65974697357,0.0,1.0,0.0,1.0,0.0
1549.65848373869,0.0,0.0,0.0,0.0,0.0,0.0
1552.69719186737,0.0,0.0,0.0,0.0,0.0,0.0
1553.69385531155,0.0,0.0,0.0,0.0,0.0,0.0
1560.66037754302,0.0,0.0,0.0,0.0,0.0,0.0
1561.65244737627,0.0,0.0,0.0,0.0,0.0,0.0
1562.69650639234,0.0,0.0,0.0,0.0,0.0,0.0
1563.70874936458,0.0,0.0,0.0,0.0,0.0,0.0
1565.66963172489,0.0,0.0,0.0,0.0,0.0,0.0
1566.66711075878,0.0,0.0,0.0,0.0,0.0,0.0
1567.66476464309,0.0,0.0,0.0,0.0,0.0,0.0
1568.66213488809,0.0,0.0,0.0,0.0,0.0,0.0
1569.66819578731,0.0,0.0,0.0,0.0,0.0,0.0
1573.68287805294,0.0,0.0,0.0,0.0,0.0,0.0
1574.68967254793,1575.68763394046,0.0,1.0,0.0,1.0,0.0
1583.66868626166,0.0,0.0,0.0,0.0,0.0,0.0
1584.68540303899,0.0,0.0,0.0,0.0,0.0,0.0
1587.70118785825,0.0,0.0,0.0,0.0,0.0,0.0
1588.75348848585,0.0,0.0,0.0,0.0,0.0,0.0
1589.75026002296,0.0,0.0,0.0,0.0,0.0,0.0
1590.73975498214,0.0,0.0,0.0,0.0,0.0,0.0
1591.71720590176,0.0,0.0,0.0,0.0,0.0,0.0
1595.69680066707,1596.7036066323,0.0,1.0,0.0,1.0,0.0
1600.70743765334,0.0,0.0,0.0,0.0,0.0,0.0
1602.72676943878,0.0,0.0,0.0,0.0,0.0,0.0
1603.70448923037,0.0,0.0,0.0,0.0,0.0,0.0
1605.68204539833,0.0,0.0,0.0,0.0,0.0,0.0
1609.75332558477,1610.75714696343,0.0,1.0,0.0,1.0,0.0
1611.75679645276,0.0,0.0,0.0,0.0,0.0,0.0
1612.7392114033,0.0,0.0,0.0,0.0,0.0,0.0
1613.72196967613,0.0,0.0,0.0,0.0,0.0,0.0
1614.68961009764,0.0,0.0,0.0,0.0,0.0,0.0
1615.70769906805,0.0,0.0,0.0,0.0,0.0,0.0
1616.70953952604,0.0,0.0,0.0,0.0,0.0,0.0
1617.72205613508,0.0,0.0,0.0,0.0,0.0,0.0
1622.74790926186,0.0,0.0,0.0,0.0,0.0,0.0
1623.7694424806,0.0,0.0,0.0,0.0,0.0,0.0
1624.7489827724,0.0,0.0,0.0,0.0,0.0,0.0
1625.73211020273,0.0,0.0,0.0,0.0,0.0,0.0
1630.68631373416,0.0,0.0,0.0,0.0,0.0,0.0
1631.73719003686,0.0,0.0,0.0,0.0,0.0,0.0
1632.73930266306,1633.73058628984,1634.71234778462,1.0,2.0,1.0,1.0
1636.70467217377,1637.72469083009,0.0,1.0,0.0,1.0,0.0
1638.720045729,1639.72237674033,0.0,1.0,0.0,1.0,0.0
1644.74845039626,0.0,0.0,0.0,0.0,0.0,0.0
1645.75319584685,0.0,0.0,0.0,0.0,0.0,0.0
1646.73171031025,0.0,0.0,0.0,0.0,0.0,0.0
1647.74394100038,1648.7503132095,0.0,1.0,0.0,1.0,0.0
1649.73631062109,0.0,0.0,0.0,0.0,0.0,0.0
1650.74558793717,0.0,0.0,0.0,0.0,0.0,0.0
1651.74271360092,0.0,0.0,0.0,0.0,0.0,0.0
1652.7109108744,1653.71420958363,0.0,1.0,0.0,1.0,0.0
1654.71951226021,0.0,0.0,0.0,0.0,0.0,0.0
1655.73359531167,0.0,0.0,0.0,0.0,0.0,0.0
1656.76000745117,0.0,0.0,0.0,0.0,0.0,0.0
1657.7590861821,0.0,0.0,0.0,0.0,0.0,0.0
1658.7560637741,0.0,0.0,0.0,0.0,0.0,0.0
1659.749977836,0.0,0.0,0.0,0.0,0.0,0.0
1660.7370782824,0.0,0.0,0.0,0.0,0.0,0.0
1661.73318611061,0.0,0.0,0.0,0.0,0.0,0.0
1665.76493971186,0.0,0.0,0.0,0.0,0.0,0.0
1666.7898304097,0.0,0.0,0.0,0.0,0.0,0.0
1667.78458728577,0.0,0.0,0.0,0.0,0.0,0.0
1668.75483066653,0.0,0.0,0.0,0.0,0.0,0.0
1669.74005934274,0.0,0.0,0.0,0.0,0.0,0.0
1670.74285166203,0.0,0.0,0.0,0.0,0.0,0.0
1671.74314910012,0.0,0.0,0.0,0.0,0.0,0.0
1674.73674339107,0.0,0.0,0.0,0.0,0.0,0.0
1675.76158689098,0.0,0.0,0.0,0.0,0.0,0.0
1676.76274303059,0.0,0.0,0.0,0.0,0.0,0.0
1677.7576347077,0.0,0.0,0.0,0.0,0.0,0.0
1678.73561560268,1679.73444484288,0.0,1.0,0.0,1.0,0.0
1680.76350015741,0.0,0.0,0.0,0.0,0.0,0.0
1681.8017739211,0.0,0.0,0.0,0.0,0.0,0.0
1682.80734935656,1683.79526356006,0.0,1.0,0.0,1.0,0.0
1684.76965998758,0.0,0.0,0.0,0.0,0.0,0.0
1685.76744674998,0.0,0.0,0.0,0.0,0.0,0.0
1686.7632797505,0.0,0.0,0.0,0.0,0.0,0.0
1687.75480069395,1688.76759454284,1689.76881673436,1.0,1.0,1.0,1.0
1690.7540306354,1691.73358190915,0.0,1.0,0.0,1.0,0.0
1692.76133584465,0.0,0.0,0.0,0.0,0.0,0.0
1693.77258422227,1694.77420364723,0.0,1.0,0.0,1.0,0.0
1695.77915205999,0.0,0.0,0.0,0.0,0.0,0.0
1696.77771094164,0.0,0.0,0.0,0.0,0.0,0.0
1697.78659344805,0.0,0.0,0.0,0.0,0.0,0.0
1698.79294011107,1699.78422184645,0.0,1.0,0.0,1.0,0.0
1700.77556984898,0.0,0.0,0.0,0.0,0.0,0.0
1701.76580353273,0.0,0.0,0.0,0.0,0.0,0.0
1702.76748986541,0.0,0.0,0.0,0.0,0.0,0.0
1703.79411826461,0.0,0.0,0.0,0.0,0.0,0.0
1704.7878351435,1705.7880707758,0.0,1.0,0.0,1.0,0.0
1706.76692495538,0.0,0.0,0.0,0.0,0.0,0.0
1707.76408872561,0.0,0.0,0.0,0.0,0.0,0.0
1708.78273080645,0.0,0.0,0.0,0.0,0.0,0.0
1709.78765294931,0.0,0.0,0.0,0.0,0.0,0.0
1710.78764945622,0.0,0.0,0.0,0.0,0.0,0.0
1711.77608332466,0.0,0.0,0.0,0.0,0.0,0.0
1713.75262716713,0.0,0.0,0.0,0.0,0.0,0.0
1714.76169109293,0.0,0.0,0.0,0.0,0.0,0.0
1715.77953445184,1716.76857879784,0.0,1.0,0.0,1.0,0.0
1717.77016709878,1718.77113317982,0.0,1.0,0.0,1.0,0.0
1719.79520395582,1720.79603406637,0.0,1.0,0.0,1.0,0.0
1721.78316830314,0.0,0.0,0.0,0.0,0.0,0.0
1722.77456692415,1723.759854406,0.0,1.0,0.0,1.0,0.0
1724.79601712845,0.0,0.0,0.0,0.0,0.0,0.0
1725.78870913701,1726.79343968493,0.0,1.0,0.0,1.0,0.0
1727.79076504127,0.0,0.0,0.0,0.0,0.0,0.0
1728.79325142647,0.0,0.0,0.0,0.0,0.0,0.0
1729.77835137588,0.0,0.0,0.0,0.0,0.0,0.0
1730.77383608961,0.0,0.0,0.0,0.0,0.0,0.0
1731.77794664581,1732.77189211714,0.0,1.0,0.0,1.0,0.0
1733.77507035819,0.0,0.0,0.0,0.0,0.0,0.0
1736.76753922308,1738.77310514643,0.0,2.0,0.0,1.0,0.0
1737.76526865177,1739.76840233139,0.0,2.0,0.0,1.0,0.0
1741.7791037381,0.0,0.0,0.0,0.0,0.0,0.0
1742.78046698977,0.0,0.0,0.0,0.0,0.0,0.0
1743.77411650145,0.0,0.0,0.0,0.0,0.0,0.0
1750.79067009785,0.0,0.0,0.0,0.0,0.0,0.0
1753.771694203,1754.77627056064,0.0,1.0,0.0,1.0,0.0
1767.86145735564,1768.87118289776,0.0,1.0,0.0,1.0,0.0
1769.85344746391,0.0,0.0,0.0,0.0,0.0,0.0
1772.79163818584,1773.78745048227,0.0,1.0,0.0,1.0,0.0
1774.7886099265,0.0,0.0,0.0,0.0,0.0,0.0
1775.79214768235,0.0,0.0,0.0,0.0,0.0,0.0
1781.85676076559,1782.85963474594,0.0,1.0,0.0,1.0,0.0
1783.83642498712,0.0,0.0,0.0,0.0,0.0,0.0
1789.82945247952,0.0,0.0,0.0,0.0,0.0,0.0
1790.8320596712,0.0,0.0,0.0,0.0,0.0,0.0
1794.7822799637,0.0,0.0,0.0,0.0,0.0,0.0
1795.78572866594,0.0,0.0,0.0,0.0,0.0,0.0
1796.7901961233,0.0,0.0,0.0,0.0,0.0,0.0
1803.8458049972,1804.84643899888,0.0,1.0,0.0,1.0,0.0
1810.79240021178,0.0,0.0,0.0,0.0,0.0,0.0
1811.80259103001,1812.81775658532,0.0,1.0,0.0,1.0,0.0
1829.9023095893,0.0,0.0,0.0,0.0,0.0,0.0
1830.87698549008,1831.89396831972,0.0,1.0,0.0,1.0,0.0
1832.86603584422,0.0,0.0,0.0,0.0,0.0,0.0
1833.83378389442,0.0,0.0,0.0,0.0,0.0,0.0
1839.83824420833,0.0,0.0,0.0,0.0,0.0,0.0
1840.84176066024,0.0,0.0,0.0,0.0,0.0,0.0
1841.83803709564,0.0,0.0,0.0,0.0,0.0,0.0
1842.85729799685,0.0,0.0,0.0,0.0,0.0,0.0
1851.8703629276,0.0,0.0,0.0,0.0,0.0,0.0
1852.88313371193,0.0,0.0,0.0,0.0,0.0,0.0
1853.87162019974,1854.8612927865,0.0,1.0,0.0,1.0,0.0
1855.88934578017,0.0,0.0,0.0,0.0,0.0,0.0
1856.90489563029,0.0,0.0,0.0,0.0,0.0,0.0
1857.89476456181,0.0,0.0,0.0,0.0,0.0,0.0
1858.88531296479,0.0,0.0,0.0,0.0,0.0,0.0
1861.83701264824,0.0,0.0,0.0,0.0,0.0,0.0
1868.84955569336,0.0,0.0,0.0,0.0,0.0,0.0
1878.87407175489,1879.86902611887,0.0,1.0,0.0,1.0,0.0
1923.88784575111,1925.89329982173,0.0,2.0,0.0,1.0,0.0
1924.89158098496,0.0,0.0,0.0,0.0,0.0,0.0
1942.92281606111,1944.90877678588,0.0,2.0,0.0,1.0,0.0
1943.92586987529,0.0,0.0,0.0,0.0,0.0,0.0
1945.89202129771,0.0,0.0,0.0,0.0,0.0,0.0
1946.88942746453,1947.87917144528,0.0,1.0,0.0,1.0,0.0
1951.92836913296,0.0,0.0,0.0,0.0,0.0,0.0
1952.91463015266,0.0,0.0,0.0,0.0,0.0,0.0
1957.90460131217,0.0,0.0,0.0,0.0,0.0,0.0
1958.90128252925,0.0,0.0,0.0,0.0,0.0,0.0
1964.90820291116,0.0,0.0,0.0,0.0,0.0,0.0
1965.91743517663,1967.89198823215,0.0,2.0,0.0,1.0,0.0
1966.90180765758,0.0,0.0,0.0,0.0,0.0,0.0
1972.9097683462,0.0,0.0,0.0,0.0,0.0,0.0
1973.89037120207,0.0,0.0,0.0,0.0,0.0,0.0
1974.90200832194,0.0,0.0,0.0,0.0,0.0,0.0
1975.91676716202,0.0,0.0,0.0,0.0,0.0,0.0
1976.93916990299,0.0,0.0,0.0,0.0,0.0,0.0
1977.93143769373,0.0,0.0,0.0,0.0,0.0,0.0
1980.89031872785,1981.88000646765,0.0,1.0,0.0,1.0,0.0
1987.90213593679,0.0,0.0,0.0,0.0,0.0,0.0
1989.8954994641,0.0,0.0,0.0,0.0,0.0,0.0
2009.93231148652,0.0,0.0,0.0,0.0,0.0,0.0
2010.92962751342,0.0,0.0,0.0,0.0,0.0,0.0
2011.92359587027,0.0,0.0,0.0,0.0,0.0,0.0
2080.97944613919,0.0,0.0,0.0,0.0,0.0,0.0
2096.01637734543,0.0,0.0,0.0,0.0,0.0,0.0
2097.02745267586,0.0,0.0,0.0,0.0,0.0,0.0
2098.03567666852,0.0,0.0,0.0,0.0,0.0,0.0
2099.03936315716,0.0,0.0,0.0,0.0,0.0,0.0
2100.03038633696,0.0,0.0,0.0,0.0,0.0,0.0
2101.00266554368,0.0,0.0,0.0,0.0,0.0,0.0
2118.99140808966,0.0,0.0,0.0,0.0,0.0,0.0
2119.9989719053,2120.99276981021,0.0,1.0,0.0,1.0,0.0
2122.003058835,0.0,0.0,0.0,0.0,0.0,0.0
2135.97757510976,2136.99798457705,0.0,1.0,0.0,1.0,0.0
2215.02745185883,2216.03715627765,0.0,1.0,0.0,1.0,0.0
2438.07316300143,0.0,0.0,0.0,0.0,0.0,0.0
