monoisotope,isotope_1,isotope_2,isotope_type_1,isotope_type_2,charge_1,charge_2
1034.48708622847,0.0,0.0,0.0,0.0,0.0,0.0
1034.57317943272,1035.57699379107,0.0,1.0,0.0,1.0,0.0
1068.50588830401,0.0,0.0,0.0,0.0,0.0,0.0
1116.51497269184,0.0,0.0,0.0,0.0,0.0,0.0
1118.48466910201,1119.48749701745,0.0,1.0,0.0,1.0,0.0
1120.5117793956,0.0,0.0,0.0,0.0,0.0,0.0
1126.51739146478,0.0,0.0,0.0,0.0,0.0,0.0
1137.51908837444,0.0,0.0,0.0,0.0,0.0,0.0
1138.51053788301,0.0,0.0,0.0,0.0,0.0,0.0
1139.56403210842,0.0,0.0,0.0,0.0,0.0,0.0
1143.52641038213,0.0,0.0,0.0,0.0,0.0,0.0
1160.49723755827,0.0,0.0,0.0,0.0,0.0,0.0
1164.49528675536,0.0,0.0,0.0,0.0,0.0,0.0
1173.51914276948,0.0,0.0,0.0,0.0,0.0,0.0
1179.53795741148,0.0,0.0,0.0,0.0,0.0,0.0
1180.52791213112,0.0,0.0,0.0,0.0,0.0,0.0
1181.52360738139,0.0,0.0,0.0,0.0,0.0,0.0
1202.50317553363,0.0,0.0,0.0,0.0,0.0,0.0
1203.53066560493,0.0,0.0,0.0,0.0,0.0,0.0
1204.52894302292,0.0,0.0,0.0,0.0,0.0,0.0
1211.59926388722,0.0,0.0,0.0,0.0,0.0,0.0
1226.5492623393,0.0,0.0,0.0,0.0,0.0,0.0
1233.55284564503,0.0,0.0,0.0,0.0,0.0,0.0
1242.57415281705,1243.56616794192,0.0,1.0,0.0,1.0,0.0
1244.55607518042,0.0,0.0,0.0,0.0,0.0,0.0
1248.54938527534,0.0,0.0,0.0,0.0,0.0,0.0
1249.55084064661,0.0,0.0,0.0,0.0,0.0,0.0
1257.5707130094,0.0,0.0,0.0,0.0,0.0,0.0
1264.54408962637,1265.5455521337,0.0,1.0,0.0,1.0,0.0
1283.59953037699,1284.5948855056,1285.58618253418,1.0,1.0,1.0,1.0
1286.59591878053,1287.58601176191,0.0,1.0,0.0,1.0,0.0
1299.56963013076,0.0,0.0,0.0,0.0,0.0,0.0
1302.63294921438,1303.62294090284,0.0,1.0,0.0,1.0,0.0
1304.60738950977,0.0,0.0,0.0,0.0,0.0,0.0
1305.5796017481,1306.56785909994,0.0,1.0,0.0,1.0,0.0
1321.55716688942,1322.55909784936,0.0,1.0,0.0,1.0,0.0
1324.60336908079,1326.59748812354,0.0,2.0,0.0,1.0,0.0
1325.59992502498,0.0,0.0,0.0,0.0,0.0,0.0
1337.55258248443,0.0,0.0,0.0,0.0,0.0,0.0
1340.5948127452,0.0,0.0,0.0,0.0,0.0,0.0
1343.65025134627,1344.57993694739,1344.67508606632,1.0,1.0,1.0,1.0
1345.61994478063,0.0,0.0,0.0,0.0,0.0,0.0
1348.59200013811,0.0,0.0,0.0,0.0,0.0,0.0
1349.58851201874,0.0,0.0,0.0,0.0,0.0,0.0
1350.60947871501,0.0,0.0,0.0,0.0,0.0,0.0
1351.59942217373,0.0,0.0,0.0,0.0,0.0,0.0
1352.59996659031,0.0,0.0,0.0,0.0,0.0,0.0
1359.58318535203,1360.58282026095,0.0,1.0,0.0,1.0,0.0
1364.5824292212,0.0,0.0,0.0,0.0,0.0,0.0
1365.62015693925,0.0,0.0,0.0,0.0,0.0,0.0
1366.62041214289,0.0,0.0,0.0,0.0,0.0,0.0
1367.61587419147,1368.62052004947,0.0,1.0,0.0,1.0,0.0
1369.61890293048,0.0,0.0,0.0,0.0,0.0,0.0
1380.63225787184,0.0,0.0,0.0,0.0,0.0,0.0
1381.62811839478,1382.62629865774,0.0,1.0,0.0,1.0,0.0
1383.61773629145,1384.6164096118,0.0,1.0,0.0,1.0,0.0
1386.62220468928,0.0,0.0,0.0,0.0,0.0,0.0
1387.61479894493,0.0,0.0,0.0,0.0,0.0,0.0
1388.60390747563,0.0,0.0,0.0,0.0,0.0,0.0
1389.59763695269,0.0,0.0,0.0,0.0,0.0,0.0
1390.59614004493,0.0,0.0,0.0,0.0,0.0,0.0
1391.59055962543,0.0,0.0,0.0,0.0,0.0,0.0
1397.62484541549,1398.62457810911,0.0,1.0,0.0,1.0,0.0
1399.62448303708,0.0,0.0,0.0,0.0,0.0,0.0
1400.61411098672,0.0,0.0,0.0,0.0,0.0,0.0
1401.60324246176,0.0,0.0,0.0,0.0,0.0,0.0
1404.605491419,0.0,0.0,0.0,0.0,0.0,0.0
1405.60175233188,0.0,0.0,0.0,0.0,0.0,0.0
1406.66677963274,0.0,0.0,0.0,0.0,0.0,0.0
1407.66854014086,0.0,0.0,0.0,0.0,0.0,0.0
1408.66190994563,1409.63824959401,0.0,1.0,0.0,1.0,0.0
1410.64253889078,1411.63576597199,0.0,1.0,0.0,1.0,0.0
1412.62243041619,0.0,0.0,0.0,0.0,0.0,0.0
1414.63868854135,1415.63608238184,0.0,1.0,0.0,1.0,0.0
1417.60937284074,0.0,0.0,0.0,0.0,0.0,0.0
1421.63016070214,0.0,0.0,0.0,0.0,0.0,0.0
1422.64031481193,0.0,0.0,0.0,0.0,0.0,0.0
1423.63790762777,0.0,0.0,0.0,0.0,0.0,0.0
1424.62242548445,0.0,0.0,0.0,0.0,0.0,0.0
1426.6540834804,1427.64614701559,0.0,1.0,0.0,1.0,0.0
1428.64566786619,0.0,0.0,0.0,0.0,0.0,0.0
1429.64398488261,0.0,0.0,0.0,0.0,0.0,0.0
1430.63880426917,0.0,0.0,0.0,0.0,0.0,0.0
1431.62265654952,0.0,0.0,0.0,0.0,0.0,0.0
1432.6315615543,0.0,0.0,0.0,0.0,0.0,0.0
1433.6266900613,0.0,0.0,0.0,0.0,0.0,0.0
1436.62661135573,0.0,0.0,0.0,0.0,0.0,0.0
1437.63083223982,0.0,0.0,0.0,0.0,0.0,0.0
1438.65972679972,1439.65719494942,0.0,1.0,0.0,1.0,0.0
1440.64807071939,0.0,0.0,0.0,0.0,0.0,0.0
1441.62968415211,0.0,0.0,0.0,0.0,0.0,0.0
1442.62446061095,0.0,0.0,0.0,0.0,0.0,0.0
1443.61770336267,0.0,0.0,0.0,0.0,0.0,0.0
1444.62601875454,0.0,0.0,0.0,0.0,0.0,0.0
1445.6257727689,0.0,0.0,0.0,0.0,0.0,0.0
1446.63588860431,0.0,0.0,0.0,0.0,0.0,0.0
1447.64105943799,0.0,0.0,0.0,0.0,0.0,0.0
1448.6370680475,0.0,0.0,0.0,0.0,0.0,0.0
1449.63166405242,0.0,0.0,0.0,0.0,0.0,0.0
1450.62762535199,0.0,0.0,0.0,0.0,0.0,0.0
1451.62088869643,0.0,0.0,0.0,0.0,0.0,0.0
1452.63667092024,1453.63758769772,0.0,1.0,0.0,1.0,0.0
1454.63418481033,0.0,0.0,0.0,0.0,0.0,0.0
1455.62614184938,0.0,0.0,0.0,0.0,0.0,0.0
1456.63234076396,0.0,0.0,0.0,0.0,0.0,0.0
1458.65513314803,0.0,0.0,0.0,0.0,0.0,0.0
1459.64537069413,0.0,0.0,0.0,0.0,0.0,0.0
1460.6400148176,0.0,0.0,0.0,0.0,0.0,0.0
1461.63091852829,0.0,0.0,0.0,0.0,0.0,0.0
1462.62500057512,0.0,0.0,0.0,0.0,0.0,0.0
1464.61853513429,0.0,0.0,0.0,0.0,0.0,0.0
1465.62146256745,0.0,0.0,0.0,0.0,0.0,0.0
1466.63520386292,0.0,0.0,0.0,0.0,0.0,0.0
1467.64003580987,0.0,0.0,0.0,0.0,0.0,0.0
1468.63433118685,0.0,0.0,0.0,0.0,0.0,0.0
1469.63074833757,0.0,0.0,0.0,0.0,0.0,0.0
1470.62842851188,0.0,0.0,0.0,0.0,0.0,0.0
1471.62497678354,0.0,0.0,0.0,0.0,0.0,0.0
1472.63388133955,0.0,0.0,0.0,0.0,0.0,0.0
1475.62434153128,0.0,0.0,0.0,0.0,0.0,0.0
1476.6267741418,0.0,0.0,0.0,0.0,0.0,0.0
1477.63351041407,0.0,0.0,0.0,0.0,0.0,0.0
1478.63695134292,0.0,0.0,0.0,0.0,0.0,0.0
1480.66198118799,0.0,0.0,0.0,0.0,0.0,0.0
1481.65648231323,0.0,0.0,0.0,0.0,0.0,0.0
1482.66881235811,0.0,0.0,0.0,0.0,0.0,0.0
1483.70727733189,1484.70189595864,0.0,1.0,0.0,1.0,0.0
1485.67928704811,0.0,0.0,0.0,0.0,0.0,0.0
1486.6446328059,1488.61822546218,0.0,2.0,0.0,1.0,0.0
1489.62097716827,0.0,0.0,0.0,0.0,0.0,0.0
1490.62258013239,1491.62595274955,0.0,1.0,0.0,1.0,0.0
1492.62570341185,0.0,0.0,0.0,0.0,0.0,0.0
1493.65129817706,0.0,0.0,0.0,0.0,0.0,0.0
1494.65854093473,0.0,0.0,0.0,0.0,0.0,0.0
1495.68703193929,0.0,0.0,0.0,0.0,0.0,0.0
1496.68225657096,1497.6814246194,0.0,1.0,0.0,1.0,0.0
1498.66487851643,0.0,0.0,0.0,0.0,0.0,0.0
1499.64270035715,0.0,0.0,0.0,0.0,0.0,0.0
1500.62864934361,0.0,0.0,0.0,0.0,0.0,0.0
1502.62098774048,0.0,0.0,0.0,0.0,0.0,0.0
1503.63099596877,0.0,0.0,0.0,0.0,0.0,0.0
1504.6496577608,0.0,0.0,0.0,0.0,0.0,0.0
1505.67281187231,1506.66721166574,0.0,1.0,0.0,1.0,0.0
1507.65629712784,0.0,0.0,0.0,0.0,0.0,0.0
1508.70235975382,1510.68296050876,0.0,2.0,0.0,1.0,0.0
1509.7008896601,1511.67880616674,0.0,2.0,0.0,1.0,0.0
1512.66720987714,0.0,0.0,0.0,0.0,0.0,0.0
1515.64065795752,0.0,0.0,0.0,0.0,0.0,0.0
1516.63843181288,0.0,0.0,0.0,0.0,0.0,0.0
1517.64719522002,1519.65238837659,0.0,2.0,0.0,1.0,0.0
1518.65233378748,0.0,0.0,0.0,0.0,0.0,0.0
1520.64355029833,0.0,0.0,0.0,0.0,0.0,0.0
1521.68609528708,1522.68378456301,1523.67716655316,1.0,1.0,1.0,1.0
1524.66163101721,0.0,0.0,0.0,0.0,0.0,0.0
1526.64520534759,0.0,0.0,0.0,0.0,0.0,0.0
1527.65680528851,0.0,0.0,0.0,0.0,0.0,0.0
1528.65451861657,0.0,0.0,0.0,0.0,0.0,0.0
1529.65186317007,0.0,0.0,0.0,0.0,0.0,0.0
1530.67528261227,0.0,0.0,0.0,0.0,0.0,0.0
1531.67865379858,1532.67032537586,1533.66383623838,1.0,1.0,1.0,1.0
1534.65512186934,0.0,0.0,0.0,0.0,0.0,0.0
1539.65705117042,0.0,0.0,0.0,0.0,0.0,0.0
1540.69664680563,0.0,0.0,0.0,0.0,0.0,0.0
1541.69952070296,0.0,0.0,0.0,0.0,0.0,0.0
1543.67015298392,0.0,0.0,0.0,0.0,0.0,0.0
1544.67271638273,0.0,0.0,0.0,0.0,0.0,0.0
1545.66009126989,0.0,0.0,0.0,0.0,0.0,0.0
1546.66319775783,1547.65777685844,0.0,1.0,0.0,1.0,0.0
1548.64926161554,0.0,0.0,0.0,0.0,0.0,0.0
1549.64968813646,0.0,0.0,0.0,0.0,0.0,0.0
1552.71665738567,1553.71402359421,0.0,1.0,0.0,1.0,0.0
1554.69521438507,0.0,0.0,0.0,0.0,0.0,0.0
1555.67225323409,0.0,0.0,0.0,0.0,0.0,0.0
1559.65436952135,0.0,0.0,0.0,0.0,0.0,0.0
1560.65102931052,0.0,0.0,0.0,0.0,0.0,0.0
1561.64610769942,0.0,0.0,0.0,0.0,0.0,0.0
1562.65133020118,0.0,0.0,0.0,0.0,0.0,0.0
1563.66088704569,0.0,0.0,0.0,0.0,0.0,0.0
1565.66178512004,0.0,0.0,0.0,0.0,0.0,0.0
1566.6661199404,0.0,0.0,0.0,0.0,0.0,0.0
1567.66274377607,0.0,0.0,0.0,0.0,0.0,0.0
1568.66369217534,0.0,0.0,0.0,0.0,0.0,0.0
1569.67169956447,0.0,0.0,0.0,0.0,0.0,0.0
1573.67811768551,0.0,0.0,0.0,0.0,0.0,0.0
1574.68621671863,0.0,0.0,0.0,0.0,0.0,0.0
1575.684050321,0.0,0.0,0.0,0.0,0.0,0.0
1576.66976939472,1577.65889078998,0.0,1.0,0.0,1.0,0.0
1582.66382261752,0.0,0.0,0.0,0.0,0.0,0.0
1583.67106478685,0.0,0.0,0.0,0.0,0.0,0.0
1584.67747894524,0.0,0.0,0.0,0.0,0.0,0.0
1585.67658077897,0.0,0.0,0.0,0.0,0.0,0.0
1587.67166053087,0.0,0.0,0.0,0.0,0.0,0.0
1588.69908317001,0.0,0.0,0.0,0.0,0.0,0.0
1589.7016765559,0.0,0.0,0.0,0.0,0.0,0.0
1590.69183215616,0.0,0.0,0.0,0.0,0.0,0.0
1591.69017570329,0.0,0.0,0.0,0.0,0.0,0.0
1595.69610249191,1597.69268331154,0.0,2.0,0.0,1.0,0.0
1596.69957993854,0.0,0.0,0.0,0.0,0.0,0.0
1605.67474370231,0.0,0.0,0.0,0.0,0.0,0.0
1606.67348979914,0.0,0.0,0.0,0.0,0.0,0.0
1609.72286278797,1610.7308755121,0.0,1.0,0.0,1.0,0.0
1611.72450838367,0.0,0.0,0.0,0.0,0.0,0.0
1612.70246573658,0.0,0.0,0.0,0.0,0.0,0.0
1613.71307493197,0.0,0.0,0.0,0.0,0.0,0.0
1614.68398396725,0.0,0.0,0.0,0.0,0.0,0.0
1615.68633959739,0.0,0.0,0.0,0.0,0.0,0.0
1616.68667651949,0.0,0.0,0.0,0.0,0.0,0.0
1617.68925723067,0.0,0.0,0.0,0.0,0.0,0.0
1618.68803226933,1619.69085513542,0.0,1.0,0.0,1.0,0.0
1622.73024876751,0.0,0.0,0.0,0.0,0.0,0.0
1623.74565749437,1624.74041936044,0.0,1.0,0.0,1.0,0.0
1625.72635286915,0.0,0.0,0.0,0.0,0.0,0.0
1629.69430933507,0.0,0.0,0.0,0.0,0.0,0.0
1630.66882910053,0.0,0.0,0.0,0.0,0.0,0.0
1631.6980667649,0.0,0.0,0.0,0.0,0.0,0.0
1632.69072249945,1633.68702778833,0.0,1.0,0.0,1.0,0.0
1634.69058091026,0.0,0.0,0.0,0.0,0.0,0.0
1635.70843406907,0.0,0.0,0.0,0.0,0.0,0.0
1636.70663952828,0.0,0.0,0.0,0.0,0.0,0.0
1637.71949192515,0.0,0.0,0.0,0.0,0.0,0.0
1638.713259606,0.0,0.0,0.0,0.0,0.0,0.0
1646.67965840123,0.0,0.0,0.0,0.0,0.0,0.0
1647.70572780896,1648.71456068279,0.0,1.0,0.0,1.0,0.0
1649.71355571671,0.0,0.0,0.0,0.0,0.0,0.0
1651.73621628594,0.0,0.0,0.0,0.0,0.0,0.0
1652.70630566068,1653.70736807349,0.0,1.0,0.0,1.0,0.0
1654.70200984461,0.0,0.0,0.0,0.0,0.0,0.0
1655.71985629698,0.0,0.0,0.0,0.0,0.0,0.0
1656.72635031148,0.0,0.0,0.0,0.0,0.0,0.0
1657.72822399985,0.0,0.0,0.0,0.0,0.0,0.0
1658.72220900378,0.0,0.0,0.0,0.0,0.0,0.0
1659.71366499451,0.0,0.0,0.0,0.0,0.0,0.0
1660.71109194583,0.0,0.0,0.0,0.0,0.0,0.0
1661.71178056617,0.0,0.0,0.0,0.0,0.0,0.0
1665.76493632345,0.0,0.0,0.0,0.0,0.0,0.0
1666.78011673355,1667.77688885508,0.0,1.0,0.0,1.0,0.0
1668.74905184649,0.0,0.0,0.0,0.0,0.0,0.0
1669.7249601795,0.0,0.0,0.0,0.0,0.0,0.0
1670.70980860934,0.0,0.0,0.0,0.0,0.0,0.0
1671.71152723067,0.0,0.0,0.0,0.0,0.0,0.0
1673.72213350466,0.0,0.0,0.0,0.0,0.0,0.0
1674.76165918264,0.0,0.0,0.0,0.0,0.0,0.0
1675.76140482215,0.0,0.0,0.0,0.0,0.0,0.0
1676.74227333471,0.0,0.0,0.0,0.0,0.0,0.0
1677.72775459942,0.0,0.0,0.0,0.0,0.0,0.0
1678.71984532378,1679.72000546421,0.0,1.0,0.0,1.0,0.0
1680.75450672636,0.0,0.0,0.0,0.0,0.0,0.0
1681.79366790763,1682.79170662323,0.0,1.0,0.0,1.0,0.0
1683.77945838889,0.0,0.0,0.0,0.0,0.0,0.0
1684.75252603833,0.0,0.0,0.0,0.0,0.0,0.0
1685.73526552586,0.0,0.0,0.0,0.0,0.0,0.0
1686.73657269561,0.0,0.0,0.0,0.0,0.0,0.0
1687.74334335965,0.0,0.0,0.0,0.0,0.0,0.0
1688.75206671998,1689.74978482711,0.0,1.0,0.0,1.0,0.0
1690.73384362167,0.0,0.0,0.0,0.0,0.0,0.0
1691.72482315269,0.0,0.0,0.0,0.0,0.0,0.0
1692.73990460815,0.0,0.0,0.0,0.0,0.0,0.0
1693.76896070232,1694.76913857069,1695.76899596437,1.0,1.0,1.0,1.0
1696.77074219075,0.0,0.0,0.0,0.0,0.0,0.0
1697.80111044927,1698.79565226177,1699.78118164078,1.0,1.0,1.0,1.0
1700.76402797346,0.0,0.0,0.0,0.0,0.0,0.0
1701.74784880558,0.0,0.0,0.0,0.0,0.0,0.0
1703.7611339646,0.0,0.0,0.0,0.0,0.0,0.0
1704.76919679427,0.0,0.0,0.0,0.0,0.0,0.0
1705.7631166866,0.0,0.0,0.0,0.0,0.0,0.0
1706.7503683898,1707.74836145171,0.0,1.0,0.0,1.0,0.0
1708.76151522343,0.0,0.0,0.0,0.0,0.0,0.0
1709.76882906677,0.0,0.0,0.0,0.0,0.0,0.0
1710.76341043415,1711.74866497243,0.0,1.0,0.0,1.0,0.0
1714.74126739721,0.0,0.0,0.0,0.0,0.0,0.0
1715.7506034479,1716.74839688298,1717.74521393891,1.0,1.0,1.0,1.0
1718.74813132613,0.0,0.0,0.0,0.0,0.0,0.0
1719.7776612133,1720.77863164294,0.0,1.0,0.0,1.0,0.0
1721.76943740835,0.0,0.0,0.0,0.0,0.0,0.0
1722.75210015666,0.0,0.0,0.0,0.0,0.0,0.0
1723.74448888014,0.0,0.0,0.0,0.0,0.0,0.0
1725.7612485511,0.0,0.0,0.0,0.0,0.0,0.0
1726.76069354558,0.0,0.0,0.0,0.0,0.0,0.0
1727.75021140157,0.0,0.0,0.0,0.0,0.0,0.0
1728.75006461089,0.0,0.0,0.0,0.0,0.0,0.0
1729.74704676924,0.0,0.0,0.0,0.0,0.0,0.0
1730.74816822811,0.0,0.0,0.0,0.0,0.0,0.0
1731.74605727594,0.0,0.0,0.0,0.0,0.0,0.0
1732.74665439043,0.0,0.0,0.0,0.0,0.0,0.0
1733.74593402344,0.0,0.0,0.0,0.0,0.0,0.0
1735.75719459061,0.0,0.0,0.0,0.0,0.0,0.0
1736.76144524202,0.0,0.0,0.0,0.0,0.0,0.0
1737.7561027727,0.0,0.0,0.0,0.0,0.0,0.0
1738.75278036123,0.0,0.0,0.0,0.0,0.0,0.0
1739.75189202217,0.0,0.0,0.0,0.0,0.0,0.0
1741.75129543751,0.0,0.0,0.0,0.0,0.0,0.0
1742.75241615036,0.0,0.0,0.0,0.0,0.0,0.0
1743.74707962731,0.0,0.0,0.0,0.0,0.0,0.0
1744.74435328633,0.0,0.0,0.0,0.0,0.0,0.0
1745.74378966986,0.0,0.0,0.0,0.0,0.0,0.0
1746.75247575385,0.0,0.0,0.0,0.0,0.0,0.0
1747.75333603094,0.0,0.0,0.0,0.0,0.0,0.0
1753.74694730261,0.0,0.0,0.0,0.0,0.0,0.0
1754.74686398098,0.0,0.0,0.0,0.0,0.0,0.0
1755.74440315816,0.0,0.0,0.0,0.0,0.0,0.0
1757.7480540848,1758.75049237575,0.0,1.0,0.0,1.0,0.0
1759.74914595561,0.0,0.0,0.0,0.0,0.0,0.0
1760.74787535396,0.0,0.0,0.0,0.0,0.0,0.0
1762.77437667948,0.0,0.0,0.0,0.0,0.0,0.0
1763.78834363286,1764.78911670883,0.0,1.0,0.0,1.0,0.0
1765.77195154924,0.0,0.0,0.0,0.0,0.0,0.0
1767.82975706912,1768.82563386879,0.0,1.0,0.0,1.0,0.0
1769.79315480292,0.0,0.0,0.0,0.0,0.0,0.0
1772.78249440688,1774.77422056668,0.0,2.0,0.0,1.0,0.0
1773.77903100415,0.0,0.0,0.0,0.0,0.0,0.0
1775.7607271694,0.0,0.0,0.0,0.0,0.0,0.0
1781.82984887801,1782.8312912698,1783.81275022703,1.0,1.0,1.0,1.0
1784.79603925119,0.0,0.0,0.0,0.0,0.0,0.0
1785.78447238636,0.0,0.0,0.0,0.0,0.0,0.0
1786.77340800066,0.0,0.0,0.0,0.0,0.0,0.0
1787.77381598598,0.0,0.0,0.0,0.0,0.0,0.0
1788.78744829677,0.0,0.0,0.0,0.0,0.0,0.0
1789.7942546179,0.0,0.0,0.0,0.0,0.0,0.0
1790.78774507966,0.0,0.0,0.0,0.0,0.0,0.0
1791.77143219323,0.0,0.0,0.0,0.0,0.0,0.0
1794.77203679777,0.0,0.0,0.0,0.0,0.0,0.0
1795.77304060936,0.0,0.0,0.0,0.0,0.0,0.0
1796.77379255341,0.0,0.0,0.0,0.0,0.0,0.0
1799.78846912757,1800.78703757631,0.0,1.0,0.0,1.0,0.0
1801.77868390682,0.0,0.0,0.0,0.0,0.0,0.0
1803.79509286626,0.0,0.0,0.0,0.0,0.0,0.0
1804.79388309679,0.0,0.0,0.0,0.0,0.0,0.0
1810.77944860187,0.0,0.0,0.0,0.0,0.0,0.0
1811.78417514912,0.0,0.0,0.0,0.0,0.0,0.0
1812.78996259076,0.0,0.0,0.0,0.0,0.0,0.0
1819.83864124229,1821.83868785319,0.0,2.0,0.0,1.0,0.0
1820.85110455615,0.0,0.0,0.0,0.0,0.0,0.0
1825.78851634437,0.0,0.0,0.0,0.0,0.0,0.0
1826.79058268432,0.0,0.0,0.0,0.0,0.0,0.0
1827.79236335767,0.0,0.0,0.0,0.0,0.0,0.0
1829.84819314297,0.0,0.0,0.0,0.0,0.0,0.0
1830.85268682081,1831.84581949255,0.0,1.0,0.0,1.0,0.0
1832.82594946759,0.0,0.0,0.0,0.0,0.0,0.0
1833.81393389714,0.0,0.0,0.0,0.0,0.0,0.0
1834.81258643997,1836.81357211877,0.0,2.0,0.0,1.0,0.0
1835.81499420561,0.0,0.0,0.0,0.0,0.0,0.0
1838.82464264014,0.0,0.0,0.0,0.0,0.0,0.0
1839.82435790907,1840.81916663562,0.0,1.0,0.0,1.0,0.0
1841.82988092198,0.0,0.0,0.0,0.0,0.0,0.0
1842.83634389914,0.0,0.0,0.0,0.0,0.0,0.0
1843.82541228065,0.0,0.0,0.0,0.0,0.0,0.0
1849.80980473935,0.0,0.0,0.0,0.0,0.0,0.0
1850.81438581894,0.0,0.0,0.0,0.0,0.0,0.0
1851.82666207529,0.0,0.0,0.0,0.0,0.0,0.0
1852.82844169037,0.0,0.0,0.0,0.0,0.0,0.0
1853.83587120341,0.0,0.0,0.0,0.0,0.0,0.0
1854.82900852457,0.0,0.0,0.0,0.0,0.0,0.0
1855.8484425342,0.0,0.0,0.0,0.0,0.0,0.0
1856.86065368978,0.0,0.0,0.0,0.0,0.0,0.0
1857.85129876169,0.0,0.0,0.0,0.0,0.0,0.0
1858.83916433804,0.0,0.0,0.0,0.0,0.0,0.0
1861.82044121318,0.0,0.0,0.0,0.0,0.0,0.0
1862.81733376374,0.0,0.0,0.0,0.0,0.0,0.0
1863.82093276656,1864.82219059901,0.0,1.0,0.0,1.0,0.0
1867.83654080655,0.0,0.0,0.0,0.0,0.0,0.0
1868.83523036838,0.0,0.0,0.0,0.0,0.0,0.0
1869.83090533885,0.0,0.0,0.0,0.0,0.0,0.0
1871.81742283673,1872.81818204205,0.0,1.0,0.0,1.0,0.0
1877.8237596089,0.0,0.0,0.0,0.0,0.0,0.0
1878.83028047477,0.0,0.0,0.0,0.0,0.0,0.0
1879.83231652784,0.0,0.0,0.0,0.0,0.0,0.0
1880.85696471505,1881.85809231342,0.0,1.0,0.0,1.0,0.0
1882.8559363715,0.0,0.0,0.0,0.0,0.0,0.0
1883.84704884479,0.0,0.0,0.0,0.0,0.0,0.0
1886.83242702512,1887.82760296702,1888.82825362327,1.0,1.0,1.0,1.0
1891.84105550233,0.0,0.0,0.0,0.0,0.0,0.0
1892.83535285603,0.0,0.0,0.0,0.0,0.0,0.0
1893.83282058856,0.0,0.0,0.0,0.0,0.0,0.0
1894.83243911002,0.0,0.0,0.0,0.0,0.0,0.0
1895.83375632788,0.0,0.0,0.0,0.0,0.0,0.0
1896.83784805815,0.0,0.0,0.0,0.0,0.0,0.0
1897.83783627963,0.0,0.0,0.0,0.0,0.0,0.0
1900.83043096137,0.0,0.0,0.0,0.0,0.0,0.0
1901.83191955458,0.0,0.0,0.0,0.0,0.0,0.0
1902.83471617758,0.0,0.0,0.0,0.0,0.0,0.0
1903.83816073743,0.0,0.0,0.0,0.0,0.0,0.0
1904.84521813623,0.0,0.0,0.0,0.0,0.0,0.0
1905.84082561186,0.0,0.0,0.0,0.0,0.0,0.0
1906.84181581654,0.0,0.0,0.0,0.0,0.0,0.0
1907.8430976934,0.0,0.0,0.0,0.0,0.0,0.0
1908.84286015185,1909.8399189617,0.0,1.0,0.0,1.0,0.0
1910.83739851958,0.0,0.0,0.0,0.0,0.0,0.0
1911.83801532239,0.0,0.0,0.0,0.0,0.0,0.0
1912.83886430413,0.0,0.0,0.0,0.0,0.0,0.0
1913.87003833831,1915.84777212078,0.0,2.0,0.0,1.0,0.0
1914.86067129055,0.0,0.0,0.0,0.0,0.0,0.0
1916.83782551456,0.0,0.0,0.0,0.0,0.0,0.0
1917.84627215209,0.0,0.0,0.0,0.0,0.0,0.0
1918.8628283878,0.0,0.0,0.0,0.0,0.0,0.0
1919.86815249567,0.0,0.0,0.0,0.0,0.0,0.0
1920.85881259376,0.0,0.0,0.0,0.0,0.0,0.0
1921.86599064276,0.0,0.0,0.0,0.0,0.0,0.0
1922.86617098884,0.0,0.0,0.0,0.0,0.0,0.0
1923.86820449362,0.0,0.0,0.0,0.0,0.0,0.0
1924.8660898613,0.0,0.0,0.0,0.0,0.0,0.0
1925.86317994952,0.0,0.0,0.0,0.0,0.0,0.0
1926.85553028823,0.0,0.0,0.0,0.0,0.0,0.0
1927.84831948628,0.0,0.0,0.0,0.0,0.0,0.0
1928.84464267598,0.0,0.0,0.0,0.0,0.0,0.0
1929.8570016373,0.0,0.0,0.0,0.0,0.0,0.0
1930.855516517,0.0,0.0,0.0,0.0,0.0,0.0
1931.85020507502,0.0,0.0,0.0,0.0,0.0,0.0
1932.84420777315,0.0,0.0,0.0,0.0,0.0,0.0
1933.86803336046,0.0,0.0,0.0,0.0,0.0,0.0
1934.88140684399,0.0,0.0,0.0,0.0,0.0,0.0
1935.88344330718,0.0,0.0,0.0,0.0,0.0,0.0
1936.8756550919,0.0,0.0,0.0,0.0,0.0,0.0
1937.87189942845,0.0,0.0,0.0,0.0,0.0,0.0
1938.86293996661,0.0,0.0,0.0,0.0,0.0,0.0
1939.85958403401,0.0,0.0,0.0,0.0,0.0,0.0
1940.85941839326,0.0,0.0,0.0,0.0,0.0,0.0
1941.85940872496,0.0,0.0,0.0,0.0,0.0,0.0
1942.87499978287,0.0,0.0,0.0,0.0,0.0,0.0
1943.8753441504,0.0,0.0,0.0,0.0,0.0,0.0
1944.86785791525,0.0,0.0,0.0,0.0,0.0,0.0
1945.86146121892,0.0,0.0,0.0,0.0,0.0,0.0
1946.85698579964,0.0,0.0,0.0,0.0,0.0,0.0
1947.85940218308,0.0,0.0,0.0,0.0,0.0,0.0
1950.88873092354,0.0,0.0,0.0,0.0,0.0,0.0
1951.89029548778,0.0,0.0,0.0,0.0,0.0,0.0
1952.8815230132,1953.87399336944,0.0,1.0,0.0,1.0,0.0
1956.87278364907,0.0,0.0,0.0,0.0,0.0,0.0
1957.88313560954,1958.87979424405,0.0,1.0,0.0,1.0,0.0
1959.87235567458,0.0,0.0,0.0,0.0,0.0,0.0
1960.86146563152,0.0,0.0,0.0,0.0,0.0,0.0
1961.86001415637,0.0,0.0,0.0,0.0,0.0,0.0
1962.85371213418,0.0,0.0,0.0,0.0,0.0,0.0
1963.88628997981,0.0,0.0,0.0,0.0,0.0,0.0
1964.88191167642,0.0,0.0,0.0,0.0,0.0,0.0
1965.88486944461,0.0,0.0,0.0,0.0,0.0,0.0
1966.88158095313,0.0,0.0,0.0,0.0,0.0,0.0
1967.87171858489,0.0,0.0,0.0,0.0,0.0,0.0
1968.85865530457,0.0,0.0,0.0,0.0,0.0,0.0
1969.85552320592,0.0,0.0,0.0,0.0,0.0,0.0
1972.87425144582,0.0,0.0,0.0,0.0,0.0,0.0
1973.87672325525,0.0,0.0,0.0,0.0,0.0,0.0
1974.86563671761,0.0,0.0,0.0,0.0,0.0,0.0
1975.89414102424,0.0,0.0,0.0,0.0,0.0,0.0
1976.90830069325,0.0,0.0,0.0,0.0,0.0,0.0
1977.90825848084,0.0,0.0,0.0,0.0,0.0,0.0
1978.89561291535,0.0,0.0,0.0,0.0,0.0,0.0
1980.86936226838,1981.86502097141,0.0,1.0,0.0,1.0,0.0
1982.8628463745,0.0,0.0,0.0,0.0,0.0,0.0
1983.86023741907,0.0,0.0,0.0,0.0,0.0,0.0
1984.8527702605,0.0,0.0,0.0,0.0,0.0,0.0
1985.85665926372,0.0,0.0,0.0,0.0,0.0,0.0
1986.85642475582,0.0,0.0,0.0,0.0,0.0,0.0
1987.86158846782,0.0,0.0,0.0,0.0,0.0,0.0
1988.86283494309,0.0,0.0,0.0,0.0,0.0,0.0
1989.86747828891,0.0,0.0,0.0,0.0,0.0,0.0
1990.86573851379,0.0,0.0,0.0,0.0,0.0,0.0
1991.86691758486,0.0,0.0,0.0,0.0,0.0,0.0
1992.87027884742,0.0,0.0,0.0,0.0,0.0,0.0
1993.8841605882,0.0,0.0,0.0,0.0,0.0,0.0
1994.89037468405,0.0,0.0,0.0,0.0,0.0,0.0
1995.88562149592,0.0,0.0,0.0,0.0,0.0,0.0
1996.87459110382,0.0,0.0,0.0,0.0,0.0,0.0
1997.88276860974,0.0,0.0,0.0,0.0,0.0,0.0
1998.88902035544,1999.88300782323,0.0,1.0,0.0,1.0,0.0
2000.87190072831,0.0,0.0,0.0,0.0,0.0,0.0
2001.87494157475,0.0,0.0,0.0,0.0,0.0,0.0
2004.86737173975,0.0,0.0,0.0,0.0,0.0,0.0
2009.88646652817,0.0,0.0,0.0,0.0,0.0,0.0
2010.88679851565,0.0,0.0,0.0,0.0,0.0,0.0
2011.88118865662,0.0,0.0,0.0,0.0,0.0,0.0
2015.89010739824,0.0,0.0,0.0,0.0,0.0,0.0
2020.88092476581,0.0,0.0,0.0,0.0,0.0,0.0
2021.90912800844,2022.90863915861,0.0,1.0,0.0,1.0,0.0
2024.89572708322,0.0,0.0,0.0,0.0,0.0,0.0
2037.88866900605,0.0,0.0,0.0,0.0,0.0,0.0
2038.88596788556,0.0,0.0,0.0,0.0,0.0,0.0
2056.9074133594,0.0,0.0,0.0,0.0,0.0,0.0
2078.92606155532,0.0,0.0,0.0,0.0,0.0,0.0
2079.93219750933,0.0,0.0,0.0,0.0,0.0,0.0
2080.93037393181,0.0,0.0,0.0,0.0,0.0,0.0
2081.9231818774,0.0,0.0,0.0,0.0,0.0,0.0
2082.93407170506,0.0,0.0,0.0,0.0,0.0,0.0
2083.94425779709,0.0,0.0,0.0,0.0,0.0,0.0
2084.94161289446,0.0,0.0,0.0,0.0,0.0,0.0
2092.98042997144,0.0,0.0,0.0,0.0,0.0,0.0
2093.98416899259,0.0,0.0,0.0,0.0,0.0,0.0
2094.98161590154,2095.96915702018,0.0,1.0,0.0,1.0,0.0
2096.99800293678,0.0,0.0,0.0,0.0,0.0,0.0
2097.99344983675,2099.00223725435,0.0,1.0,0.0,1.0,0.0
2099.98469063039,2100.95898805773,0.0,1.0,0.0,1.0,0.0
2113.95760868815,0.0,0.0,0.0,0.0,0.0,0.0
2114.96128356093,0.0,0.0,0.0,0.0,0.0,0.0
2117.93990113172,0.0,0.0,0.0,0.0,0.0,0.0
2118.95373461738,0.0,0.0,0.0,0.0,0.0,0.0
2119.9645098651,2120.96127188162,0.0,1.0,0.0,1.0,0.0
2121.95029028649,0.0,0.0,0.0,0.0,0.0,0.0
2122.94344182143,0.0,0.0,0.0,0.0,0.0,0.0
2133.94954877366,0.0,0.0,0.0,0.0,0.0,0.0
2134.9516855695,0.0,0.0,0.0,0.0,0.0,0.0
2135.95358188398,2136.94949699383,0.0,1.0,0.0,1.0,0.0
2137.94482061253,0.0,0.0,0.0,0.0,0.0,0.0
2152.95961732484,0.0,0.0,0.0,0.0,0.0,0.0
2153.97011014453,2155.97092046704,0.0,2.0,0.0,1.0,0.0
2154.9760855119,0.0,0.0,0.0,0.0,0.0,0.0
2156.95553476491,0.0,0.0,0.0,0.0,0.0,0.0
2157.94488754531,0.0,0.0,0.0,0.0,0.0,0.0
2158.93948862875,0.0,0.0,0.0,0.0,0.0,0.0
2159.93786621745,0.0,0.0,0.0,0.0,0.0,0.0
2160.94134751558,0.0,0.0,0.0,0.0,0.0,0.0
2161.94567220329,0.0,0.0,0.0,0.0,0.0,0.0
2169.94742697826,0.0,0.0,0.0,0.0,0.0,0.0
2170.94965004146,2171.95122316939,0.0,1.0,0.0,1.0,0.0
2172.9442260732,0.0,0.0,0.0,0.0,0.0,0.0
2173.9419933445,0.0,0.0,0.0,0.0,0.0,0.0
2175.95627459643,2176.96745170897,0.0,1.0,0.0,1.0,0.0
2182.96057712773,0.0,0.0,0.0,0.0,0.0,0.0
2191.96364131823,0.0,0.0,0.0,0.0,0.0,0.0
2192.96172412741,2193.96134911018,0.0,1.0,0.0,1.0,0.0
2197.96662309784,0.0,0.0,0.0,0.0,0.0,0.0
2198.97157129188,0.0,0.0,0.0,0.0,0.0,0.0
2199.97366315374,0.0,0.0,0.0,0.0,0.0,0.0
2200.97386838869,0.0,0.0,0.0,0.0,0.0,0.0
2207.98833253483,0.0,0.0,0.0,0.0,0.0,0.0
2208.98209414649,0.0,0.0,0.0,0.0,0.0,0.0
2209.97594906029,0.0,0.0,0.0,0.0,0.0,0.0
2213.98502082496,0.0,0.0,0.0,0.0,0.0,0.0
2214.99889476804,2215.99539371587,2216.99008514237,1.0,1.0,1.0,1.0
2218.98503793517,0.0,0.0,0.0,0.0,0.0,0.0
2223.00754184505,0.0,0.0,0.0,0.0,0.0,0.0
2224.01563157334,0.0,0.0,0.0,0.0,0.0,0.0
2225.03471896018,2226.03353332626,0.0,1.0,0.0,1.0,0.0
2227.02408320994,0.0,0.0,0.0,0.0,0.0,0.0
2228.00717253202,0.0,0.0,0.0,0.0,0.0,0.0
2231.03091671869,0.0,0.0,0.0,0.0,0.0,0.0
2232.0294717644,2233.03297018867,0.0,1.0,0.0,1.0,0.0
2236.9898138918,0.0,0.0,0.0,0.0,0.0,0.0
2237.98895725163,0.0,0.0,0.0,0.0,0.0,0.0
2239.00284146064,2240.00559265893,0.0,1.0,0.0,1.0,0.0
2244.99919429318,0.0,0.0,0.0,0.0,0.0,0.0
2246.0046598484,0.0,0.0,0.0,0.0,0.0,0.0
2247.02716148542,0.0,0.0,0.0,0.0,0.0,0.0
2248.03476151709,0.0,0.0,0.0,0.0,0.0,0.0
2249.0287283875,0.0,0.0,0.0,0.0,0.0,0.0
2253.00289510371,0.0,0.0,0.0,0.0,0.0,0.0
2253.99934880315,0.0,0.0,0.0,0.0,0.0,0.0
2254.99684545833,0.0,0.0,0.0,0.0,0.0,0.0
2263.00409802567,0.0,0.0,0.0,0.0,0.0,0.0
2264.0100987462,0.0,0.0,0.0,0.0,0.0,0.0
2265.01857224418,0.0,0.0,0.0,0.0,0.0,0.0
2267.00901394965,0.0,0.0,0.0,0.0,0.0,0.0
2268.00571712154,0.0,0.0,0.0,0.0,0.0,0.0
2269.01373383335,0.0,0.0,0.0,0.0,0.0,0.0
2270.01496930745,0.0,0.0,0.0,0.0,0.0,0.0
2283.03762657506,0.0,0.0,0.0,0.0,0.0,0.0
2284.03890451323,2285.03047087889,0.0,1.0,0.0,1.0,0.0
2292.01694325232,0.0,0.0,0.0,0.0,0.0,0.0
2293.02508095302,0.0,0.0,0.0,0.0,0.0,0.0
2294.02461442372,0.0,0.0,0.0,0.0,0.0,0.0
2324.05751605455,0.0,0.0,0.0,0.0,0.0,0.0
2325.056081591,0.0,0.0,0.0,0.0,0.0,0.0
2334.06458865587,0.0,0.0,0.0,0.0,0.0,0.0
2346.04764792622,0.0,0.0,0.0,0.0,0.0,0.0
2347.05191003238,0.0,0.0,0.0,0.0,0.0,0.0
2348.0545524045,2349.05052851565,0.0,1.0,0.0,1.0,0.0
2363.06449292803,0.0,0.0,0.0,0.0,0.0,0.0
2364.07315032101,2365.07171557365,2366.06746209097,1.0,1.0,1.0,1.0
2386.05458091729,0.0,0.0,0.0,0.0,0.0,0.0
2387.06042585077,0.0,0.0,0.0,0.0,0.0,0.0
2388.07236346461,0.0,0.0,0.0,0.0,0.0,0.0
2402.05353615302,0.0,0.0,0.0,0.0,0.0,0.0
2403.05409663229,0.0,0.0,0.0,0.0,0.0,0.0
2423.07084446417,0.0,0.0,0.0,0.0,0.0,0.0
2424.05884733489,0.0,0.0,0.0,0.0,0.0,0.0
2437.06911373043,0.0,0.0,0.0,0.0,0.0,0.0
2438.0636563488,2440.05450708405,0.0,2.0,0.0,1.0,0.0
2439.0578363742,0.0,0.0,0.0,0.0,0.0,0.0
2459.08288925765,0.0,0.0,0.0,0.0,0.0,0.0
2460.0783714736,0.0,0.0,0.0,0.0,0.0,0.0
2461.07783029625,2462.07633242892,0.0,1.0,0.0,1.0,0.0
2501.17345903737,0.0,0.0,0.0,0.0,0.0,0.0
2502.18719630594,0.0,0.0,0.0,0.0,0.0,0.0
2526.14387650825,0.0,0.0,0.0,0.0,0.0,0.0
